"perception","reasoning","OCR","artwork","celebrity","code_reasoning","color","commonsense_reasoning","count","existence","landmark","numerical_calculation","position","posters","scene","text_translation"
"1256.5959383753502","399.2857142857143","87.5","88.75","82.94117647058823","80.0","180.0","119.28571428571428","103.33333333333331","185.0","116.25","37.5","108.33333333333333","145.23809523809524","159.25","162.5"
